[gd_scene load_steps=5 format=2]

[ext_resource path="res://assets/player_ship_1_no_sail.obj" type="ArrayMesh" id=1]
[ext_resource path="res://player/ship/player_ship.gd" type="Script" id=2]
[ext_resource path="res://assets/just_sail.obj" type="ArrayMesh" id=3]

[sub_resource type="BoxShape" id=1]

[node name="player_ship_1" type="KinematicBody"]
collision_layer = 524289
collision_mask = 524289
collision/safe_margin = 0.1

[node name="Mesh" type="MeshInstance" parent="."]
mesh = ExtResource( 1 )
material/0 = null
material/1 = null
material/2 = null
material/3 = null
material/4 = null
material/5 = null
material/6 = null
material/7 = null

[node name="SailFront" type="MeshInstance" parent="Mesh"]
transform = Transform( 1.62149, 0, 0, 0, 1.95723, 0, 0, 0, 1, 0.75, 0.73263, 0.606 )
mesh = ExtResource( 3 )
material/0 = null

[node name="SailMid" type="MeshInstance" parent="Mesh"]
transform = Transform( 2.3579, 0, 0, 0, 3.26622, 0, 0, 0, 1, 0.803123, 0.946893, -0.331544 )
mesh = ExtResource( 3 )
material/0 = null

[node name="SailRear" type="MeshInstance" parent="Mesh"]
transform = Transform( 1.5717, 0, 0, 0, 1.95723, 0, 0, 0, 1, 0.786796, 1.55102, -1.86808 )
mesh = ExtResource( 3 )
material/0 = null

[node name="CollisionShape" type="CollisionShape" parent="."]
transform = Transform( 1, 0, 0, 0, 1, 0, 0, 0, 2.07011, 0.796575, 1.30199, -1.14069 )
shape = SubResource( 1 )

[node name="CameraSail" type="Position3D" parent="."]
transform = Transform( 0.996195, 0.0225576, -0.084186, 0, 0.965926, 0.258819, 0.0871557, -0.257834, 0.96225, -1.52183, 6.28291, 6.8587 )

[node name="CameraCrew" type="Position3D" parent="."]
transform = Transform( 0.236075, 0.410673, -0.880691, -2.02576e-08, 0.906308, 0.422618, 0.971735, -0.0997696, 0.213957, -2.4942, 2.59093, 0.701367 )

[node name="Controller" type="Spatial" parent="."]
script = ExtResource( 2 )

[node name="InnerGimbal" type="Spatial" parent="Controller"]
transform = Transform( 1, 0, 0, 0, 1, 0, 0, 0, 1, 0, 0, 0 )

[node name="Camera" type="Camera" parent="Controller/InnerGimbal"]
transform = Transform( -1, -1.67913e-07, 2.79245e-07, 0, 0.856996, 0.515322, -3.25841e-07, 0.515322, -0.856996, 1, 6, -6 )
current = true
near = 0.01
far = 255.0

[node name="RayCast" type="RayCast" parent="Controller/InnerGimbal/Camera"]
cast_to = Vector3( 0, -0.545, -3.364 )
collision_mask = 262144
