[gd_scene load_steps=7 format=2]

[ext_resource path="res://map/2d/MapMakerFixed.gd" type="Script" id=1]
[ext_resource path="res://icon.png" type="Texture" id=2]
[ext_resource path="res://islands/tiles/Island1.tscn" type="PackedScene" id=3]
[ext_resource path="res://islands/tiles/Island2.tscn" type="PackedScene" id=4]
[ext_resource path="res://islands/tiles/Island3.tscn" type="PackedScene" id=5]
[ext_resource path="res://islands/tiles/SandIsland.tscn" type="PackedScene" id=6]

[node name="MapHandlerFixed" type="Spatial" groups=[
"map_handler",
]]
script = ExtResource( 1 )

[node name="PlayerMap" type="Node2D" parent="."]
position = Vector2( 130, 120 )

[node name="MapBackground" type="Sprite" parent="PlayerMap"]
modulate = Color( 1, 1, 1, 0.537255 )
position = Vector2( 384.319, 180.126 )
scale = Vector2( 13.964, 7.30024 )
texture = ExtResource( 2 )

[node name="PlayerIcon" type="Sprite" parent="PlayerMap"]
scale = Vector2( 0.3, 0.6 )
texture = ExtResource( 2 )
flip_v = true

[node name="SeaTiles" type="Control" parent="PlayerMap"]
margin_right = 40.0
margin_bottom = 40.0
__meta__ = {
"_edit_use_anchors_": false
}

[node name="IslandTiles" type="Control" parent="PlayerMap"]
margin_left = 27.1395
margin_top = -3.87708
margin_right = 67.1395
margin_bottom = 36.1229
__meta__ = {
"_edit_use_anchors_": false
}

[node name="Islands" type="Spatial" parent="."]

[node name="Island1_1" parent="Islands" instance=ExtResource( 3 )]
transform = Transform( 1, 0, 0, 0, 1, 0, 0, 0, 1, -9.71726, 0.000132978, -10.7169 )

[node name="Island1_2" parent="Islands" instance=ExtResource( 3 )]
transform = Transform( -0.83906, 0, -0.544039, 0, 1, 0, 0.544039, 0, -0.83906, 8.46355, 0.000132978, -22.1627 )

[node name="Island1_3" parent="Islands" instance=ExtResource( 3 )]
transform = Transform( 0.252339, 0, -0.967639, 0, 1, 0, 0.967639, 0, 0.252339, 25.7008, 0.000132978, 16.8078 )

[node name="Island2_1" parent="Islands" instance=ExtResource( 4 )]
transform = Transform( 0.523852, 0, -0.851809, 0, 1, 0, 0.851809, 0, 0.523852, 32.9949, 3.8147e-06, -7.54875 )

[node name="Island2_2" parent="Islands" instance=ExtResource( 4 )]
transform = Transform( 0.523852, 0, -0.851809, 0, 1, 0, 0.851809, 0, 0.523852, -6.99077, 7.62939e-06, 25.2804 )

[node name="Island3_2" parent="Islands" instance=ExtResource( 5 )]
transform = Transform( 1, 0, 0, 0, 1, 0, 0, 0, 1, -32.1228, 0.000132978, 8.82147 )

[node name="SandIsland" parent="Islands" instance=ExtResource( 6 )]
transform = Transform( -0.0695825, 0, -0.997576, 0, 1, 0, 0.997576, 0, -0.0695825, 21.8483, 1.14441e-05, 34.7402 )

[node name="SandIsland2" parent="Islands" instance=ExtResource( 6 )]
transform = Transform( -0.0695825, 0, -0.997576, 0, 1, 0, 0.997576, 0, -0.0695825, -21.0592, 1.14441e-05, -26.3297 )
